13 9 2
10 11 3
11 10 3
10 13 4
13 10 4
10 14 5
14 10 5
11 14 3
14 11 3
11 18 5
18 11 5
12 13 5
13 12 5
12 15 6
15 12 6
13 14 6
14 13 6
13 15 3
15 13 3
13 16 7
16 13 7
14 17 8
17 14 8
14 18 9
18 14 9
15 19 7
19 15 7
16 17 3
17 16 3
16 19 3
19 16 3
16 20 8
20 16 8
17 18 4
18 17 4
17 20 4
20 17 4
18 20 1
20 18 1
19 20 3
20 19 3
19 21 4
21 19 4
20 21 2
21 20 2
1 2 2
2 1 2
1 3 4
3 1 4
1 4 3
4 1 3
2 3 5
3 2 5
2 5 3
5 2 3
3 5 6
5 3 6
3 6 4
6 3 4
4 6 2
6 4 2
4 7 5
7 4 5
5 6 6
6 5 6
5 8 3
8 5 3
6 7 4
7 6 4
6 8 5
8 6 5
6 9 6
9 6 6
6 10 8
10 6 8
6 11 5
11 6 5
7 11 3
11 7 3
8 12 4
12 8 4
8 15 5
15 8 5
9 10 7
10 9 7
9 12 6
12 9 6
9 13 2
