1 2 1.5
1 3 1.5
1 4 1.5
2 1 1.5
2 3 .05
2 5 .03
3 1 1.5
3 2 .05
3 5 .06
3 6 .04
4 1 1.5
4 6 .2
4 7 .05
5 2 .03
5 3 .06
5 6 .06
5 8 .03
6 3 .04
6 4 .2
6 5 .06
6 7 .04
6 8 .05
6 9 .06
6 10 .08
6 11 .05
7 4 .05
7 6 .04
7 11 .03
8 5 .03
8 6 .05
8 12 .04
8 15 .05
9 6 .06
9 10 .07
9 12 .06
9 13 .02
10 6 .08
10 9 .07
10 11 .03
10 13 .04
10 14 .05
11 6 .05
11 7 .03
11 10 .03
11 14 .03
11 18 .05
12 8 .04
12 9 .06
12 13 .05
12 15 .06
13 9 .02
13 10 .04
13 12 .05
13 14 .06
13 15 .03
13 16 .07
14 10 .05
14 11 .03
14 13 .06
14 17 .08
14 18 .09
15 8 .05
15 12 .06
15 13 .03
15 19 .07
16 13 .07
16 17 .03
16 19 .03
16 20 .08
17 14 .08
17 16 .03
17 18 .04
17 20 .04
18 11 .05
18 14 .09
18 17 .04
18 20 .01
19 15 .07
19 16 .03
19 20 .03
19 21 .04
20 16 .08
20 17 .04
20 18 .01
20 19 .03
20 21 .02
21 19 .04
21 20 .02
